250500
250500
250500
250500
250500
250500
250500
250500
250500
250500
250500
250500
250500
250500
250500
250500
250500
250500
250500
250500
250500
250500
250500
250500
250500
250500
250500
250500
250500
250500
250500
250500
250500
250500
250500
250500
250500
250500
250500
250500
250500
250500
250500
250500
250500
250500
250500
250500
250500
250500
250500
250500
250500
250500
250500
250500
250500
250500
250500
250500
250500
250500
250500
250500
250500
250500
250500
250500
250500
250500
250500
250500
250500
250500
250500
250500
250500
250500
250500
250500
250500
250500
250500
250500
250500
250500
250500
250500
250500
250500
250500
250500
250500
250500
250500
250500
250500
250500
250500
250500
250500
250500
250500
250500
250500
250500
250500
250500
250500
250500
250500
250500
250500
250500
250500
250500
250500
250500
250500
250500
250500
250500
250500
250500
250500
250500
250500
250500
250500
250500
250500
250500
250500
250500
250500
250500
250500
250500
250500
250500
250500
250500
250500
250500
250500
250500
250500
250500
250500
250500
250500
250500
250500
250500
250500
250500
250500
250500
250500
250500
250500
250500
250500
250500
250500
250500
250500
250500
250500
250500
250500
250500
250500
250500
250500
250500
250500
250500
250500
250500
250500
250500
250500
250500
250500
250500
250500
250500
250500
250500
250500
250500
250500
250500
250500
250500
250500
250500
250500
250500
250500
250500
250500
250500
250500
250500
250500
250500
250500
250500
250500
250500
250500
250500
250500
250500
250500
250500
250500
250500
250500
250500
250500
250500
250500
250500
250500
250500
250500
250500
250500
250500
250500
250500
250500
250500
250500
250500
250500
250500
250500
250500
250500
250500
250500
250500
250500
250500
250500
250500
250500
250500
250500
250500
250500
250500
250500
250500
250500
250500
250500
250500
250500
250500
250500
250500
250500
250500
250500
250500
250500
250500
250500
250500
250500
250500
250500
250500
250500
250500
250500
250500
250500
250500
250500
250500
250500
250500
250500
250500
250500
250500
250500
250500
250500
250500
250500
250500
250500
250500
250500
250500
250500
250500
250500
250500
250500
250500
250500
250500
250500
250500
250500
250500
250500
250500
250500
250500
250500
250500
250500
250500
250500
250500
250500
250500
250500
250500
250500
250500
250500
250500
250500
250500
250500
250500
250500
250500
250500
250500
250500
250500
250500
250500
250500
250500
250500
250500
250500
250500
250500
250500
250500
250500
250500
250500
250500
250500
250500
250500
250500
250500
250500
250500
250500
250500
250500
250500
250500
250500
250500
250500
250500
250500
250500
250500
250500
250500
250500
250500
250500
250500
250500
250500
250500
250500
250500
250500
250500
250500
250500
250500
250500
250500
250500
250500
250500
250500
250500
250500
250500
250500
250500
250500
250500
250500
250500
250500
250500
250500
250500
250500
250500
250500
250500
250500
250500
250500
250500
250500
250500
250500
250500
250500
250500
250500
250500
250500
250500
250500
250500
250500
250500
250500
250500
250500
250500
250500
250500
250500
250500
250500
250500
250500
250500
250500
250500
250500
250500
250500
250500
250500
250500
250500
250500
250500
250500
250500
250500
250500
250500
250500
250500
250500
250500
250500
250500
250500
250500
250500
250500
250500
250500
250500
250500
250500
250500
250500
250500
250500
250500
250500
250500
250500
250500
250500
250500
250500
250500
250500
250500
250500
250500
250500
250500
250500
250500
250500
250500
250500
250500
250498
250494
250488
250480
250470
250458
250444
250428
250410
250390
250368
250344
250318
250290
250260
250228
250194
250158
250120
250080
250038
249994
249948
249900
249850
249798
249744
249688
249630
249570
249508
249444
249378
249310
249240
249168
249094
249018
248940
248860
248778
248694
248608
248520
248430
248338
248244
248148
248050
247950
247848
247744
247638
247530
247420
247308
247194
247078
246960
246840
246718
246594
246468
246340
246210
246078
245944
245808
245670
245530
245388
245244
245098
244950
244800
244648
244494
244338
244180
244020
243858
243694
243528
243360
243190
243018
242844
242668
242490
242310
242128
241944
241758
241570
241380
241188
240994
240798
240600
240400
240198
239994
239788
239580
239370
239158
238944
238728
238510
238290
238068
237844
237618
237390
237160
236928
236694
236458
236220
235980
235738
235494
235248
235000
234750
234498
234244
233988
233730
233470
233208
232944
232678
232410
232140
231868
231594
231318
231040
230760
230478
230194
229908
229620
229330
229038
228744
228448
228150
227850
227548
227244
226938
226630
226320
226008
225694
225378
225060
224740
224418
224094
223768
223440
223110
222778
222444
222108
221770
221430
221088
220744
220398
220050
219700
219348
218994
218638
218280
217920
217558
217194
216828
216460
216090
215718
215344
214968
214590
214210
213828
213444
213058
212670
212280
211888
211494
211098
210700
210300
209898
209494
209088
208680
208270
207858
207444
207028
206610
206190
205768
205344
204918
204490
204060
203628
203194
202758
202320
201880
201438
200994
200548
200100
199650
199198
198744
198288
197830
197370
196908
196444
195978
195510
195040
194568
194094
193618
193140
192660
192178
191694
191208
190720
190230
189738
189244
188748
188250
187750
187248
186744
186238
185730
185220
184708
184194
183678
183160
182640
182118
181594
181068
180540
180010
179478
178944
178408
177870
177330
176788
176244
175698
175150
174600
174048
173494
172938
172380
171820
171258
170694
170128
169560
168990
168418
167844
167268
166690
166110
165528
164944
164358
163770
163180
162588
161994
161398
160800
160200
159598
158994
158388
157780
157170
156558
155944
155328
154710
154090
153468
152844
152218
151590
150960
150328
149694
149058
148420
147780
147138
146494
145848
145200
144550
143898
143244
142588
141930
141270
140608
139944
139278
138610
137940
137268
136594
135918
135240
134560
133878
133194
132508
131820
131130
130438
129744
129048
128350
127650
126948
126244
125538
124830
124120
123408
122694
121978
121260
120540
119818
119094
118368
117640
116910
116178
115444
114708
113970
113230
112488
111744
110998
110250
109500
108748
107994
107238
106480
105720
104958
104194
103428
102660
101890
101118
100344
99568
98790
98010
97228
96444
95658
94870
94080
93288
92494
91698
90900
90100
89298
88494
87688
86880
86070
85258
84444
83628
82810
81990
81168
80344
79518
78690
77860
77028
76194
75358
74520
73680
72838
71994
71148
70300
69450
68598
67744
66888
66030
65170
64308
63444
62578
61710
60840
59968
59094
58218
57340
56460
55578
54694
53808
52920
52030
51138
50244
49348
48450
47550
46648
45744
44838
43930
43020
42108
41194
40278
39360
38440
37518
36594
35668
34740
33810
32878
31944
31008
30070
29130
28188
27244
26298
25350
24400
23448
22494
21538
20580
19620
18658
17694
16728
15760
14790
13818
12844
11868
10890
9910
8928
7944
6958
5970
4980
3988
2994
1998
1000
