50 50
8 2 6 9 8 6 6 3 18 -11 10 14 7 8 14 -15 18 4 12 -1 25 21 -10 14 9 8 2 6 9 8 6 6 3 18 -11 10 14 7 8 14 -15 18 4 12 -1 25 21 -10 14 9 
18 21 -6 -9 81 6 63 3 185 -13 110 24 77 88 94 15 -18 24 32 -17 55 71 -19 34 91 18 24 63 91 -81 63 16 23 18 -61 50 -24 17 18 -14 15 28 14 -12 -15 45 42 -1 -14 99
8 2 6 9 8 6 6 3 18 -11 10 14 7 8 14 -15 18 4 12 -1 25 21 -10 14 9 8 2 6 9 8 6 6 3 18 -11 10 14 7 8 14 -15 18 4 12 -1 25 21 -10 14 9 
8 2 6 9 8 6 6 3 18 -11 10 14 7 8 14 -15 18 4 12 -1 25 21 -10 14 9 8 2 6 9 8 6 6 3 18 -11 10 14 7 8 14 -15 18 4 12 -1 25 21 -10 14 9
18 21 -6 -9 81 6 63 3 185 -13 110 24 77 88 94 15 -18 24 32 -17 55 71 -19 34 91 18 24 63 91 -81 63 16 23 18 -61 50 -24 17 18 -14 15 28 14 -12 -15 45 42 -1 -14 99
8 2 6 9 8 6 6 3 18 -11 10 14 7 8 14 -15 18 4 12 -1 25 21 -10 14 9 8 2 6 9 8 6 6 3 18 -11 10 14 7 8 14 -15 18 4 12 -1 25 21 -10 14 9 
8 2 6 9 8 6 6 3 18 -11 10 14 7 8 14 -15 18 4 12 -1 25 21 -10 14 9 8 2 6 9 8 6 6 3 18 -11 10 14 7 8 14 -15 18 4 12 -1 25 21 -10 14 9
18 21 -6 -9 81 6 63 3 185 -13 110 24 77 88 94 15 -18 24 32 -17 55 71 -19 34 91 18 24 63 91 -81 63 16 23 18 -61 50 -24 17 18 -14 15 28 14 -12 -15 45 42 -1 -14 99
8 2 6 9 8 6 6 3 18 -11 10 14 7 8 14 -15 18 4 12 -1 25 21 -10 14 9 8 2 6 9 8 6 6 3 18 -11 10 14 7 8 14 -15 18 4 12 -1 25 21 -10 14 9 
8 2 6 9 8 6 6 3 18 -11 10 14 7 8 14 -15 18 4 12 -1 25 21 -10 14 9 8 2 6 9 8 6 6 3 18 -11 10 14 7 8 14 -15 18 4 12 -1 25 21 -10 14 9
8 2 6 9 8 6 6 3 18 -11 10 14 7 8 14 -15 18 4 12 -1 25 21 -10 14 9 8 2 6 9 8 6 6 3 18 -11 10 14 7 8 14 -15 18 4 12 -1 25 21 -10 14 9 
8 2 6 9 8 6 6 3 18 -11 10 14 7 8 14 -15 18 4 12 -1 25 21 -10 14 9 8 2 6 9 8 6 6 3 18 -11 10 14 7 8 14 -15 18 4 12 -1 25 21 -10 14 9
18 21 -6 -9 81 6 63 3 185 -13 110 24 77 88 94 15 -18 24 32 -17 55 71 -19 34 91 18 24 63 91 -81 63 16 23 18 -61 50 -24 17 18 -14 15 28 14 -12 -15 45 42 -1 -14 99
8 2 6 9 8 6 6 3 18 -11 10 14 7 8 14 -15 18 4 12 -1 25 21 -10 14 9 8 2 6 9 8 6 6 3 18 -11 10 14 7 8 14 -15 18 4 12 -1 25 21 -10 14 9 
8 2 6 9 8 6 6 3 18 -11 10 14 7 8 14 -15 18 4 12 -1 25 21 -10 14 9 8 2 6 9 8 6 6 3 18 -11 10 14 7 8 14 -15 18 4 12 -1 25 21 -10 14 9
18 21 -6 -9 81 6 63 3 185 -13 110 24 77 88 94 15 -18 24 32 -17 55 71 -19 34 91 18 24 63 91 -81 63 16 23 18 -61 50 -24 17 18 -14 15 28 14 -12 -15 45 42 -1 -14 99
8 2 6 9 8 6 6 3 18 -11 10 14 7 8 14 -15 18 4 12 -1 25 21 -10 14 9 8 2 6 9 8 6 6 3 18 -11 10 14 7 8 14 -15 18 4 12 -1 25 21 -10 14 9 
8 2 6 9 8 6 6 3 18 -11 10 14 7 8 14 -15 18 4 12 -1 25 21 -10 14 9 8 2 6 9 8 6 6 3 18 -11 10 14 7 8 14 -15 18 4 12 -1 25 21 -10 14 9
8 2 6 9 8 6 6 3 18 -11 10 14 7 8 14 -15 18 4 12 -1 25 21 -10 14 9 8 2 6 9 8 6 6 3 18 -11 10 14 7 8 14 -15 18 4 12 -1 25 21 -10 14 9 
8 2 6 9 8 6 6 3 18 -11 10 14 7 8 14 -15 18 4 12 -1 25 21 -10 14 9 8 2 6 9 8 6 6 3 18 -11 10 14 7 8 14 -15 18 4 12 -1 25 21 -10 14 9
8 2 6 9 8 6 6 3 18 -11 10 14 7 8 14 -15 18 4 12 -1 25 21 -10 14 9 8 2 6 9 8 6 6 3 18 -11 10 14 7 8 14 -15 18 4 12 -1 25 21 -10 14 9 
18 21 -6 -9 81 6 63 3 185 -13 110 24 77 88 94 15 -18 24 32 -17 55 71 -19 34 91 18 24 63 91 -81 63 16 23 18 -61 50 -24 17 18 -14 15 28 14 -12 -15 45 42 -1 -14 99
18 21 -6 -9 81 6 63 3 185 -13 110 24 77 88 94 15 -18 24 32 -17 55 71 -19 34 91 18 24 63 91 -81 63 16 23 18 -61 50 -24 17 18 -14 15 28 14 -12 -15 45 42 -1 -14 99
18 21 -6 -9 81 6 63 3 185 -13 110 24 77 88 94 15 -18 24 32 -17 55 71 -19 34 91 18 24 63 91 -81 63 16 23 18 -61 50 -24 17 18 -14 15 28 14 -12 -15 45 42 -1 -14 99
8 2 6 9 8 6 6 3 18 -11 10 14 7 8 14 -15 18 4 12 -1 25 21 -10 14 9 8 2 6 9 8 6 6 3 18 -11 10 14 7 8 14 -15 18 4 12 -1 25 21 -10 14 9 
8 2 6 9 8 6 6 3 18 -11 10 14 7 8 14 -15 18 4 12 -1 25 21 -10 14 9 8 2 6 9 8 6 6 3 18 -11 10 14 7 8 14 -15 18 4 12 -1 25 21 -10 14 9
8 2 6 9 8 6 6 3 18 -11 10 14 7 8 14 -15 18 4 12 -1 25 21 -10 14 9 8 2 6 9 8 6 6 3 18 -11 10 14 7 8 14 -15 18 4 12 -1 25 21 -10 14 9 
8 2 6 9 8 6 6 3 18 -11 10 14 7 8 14 -15 18 4 12 -1 25 21 -10 14 9 8 2 6 9 8 6 6 3 18 -11 10 14 7 8 14 -15 18 4 12 -1 25 21 -10 14 9
18 21 -6 -9 81 6 63 3 185 -13 110 24 77 88 94 15 -18 24 32 -17 55 71 -19 34 91 18 24 63 91 -81 63 16 23 18 -61 50 -24 17 18 -14 15 28 14 -12 -15 45 42 -1 -14 99
8 2 6 9 8 6 6 3 18 -11 10 14 7 8 14 -15 18 4 12 -1 25 21 -10 14 9 8 2 6 9 8 6 6 3 18 -11 10 14 7 8 14 -15 18 4 12 -1 25 21 -10 14 9 
8 2 6 9 8 6 6 3 18 -11 10 14 7 8 14 -15 18 4 12 -1 25 21 -10 14 9 8 2 6 9 8 6 6 3 18 -11 10 14 7 8 14 -15 18 4 12 -1 25 21 -10 14 9
8 2 6 9 8 6 6 3 18 -11 10 14 7 8 14 -15 18 4 12 -1 25 21 -10 14 9 8 2 6 9 8 6 6 3 18 -11 10 14 7 8 14 -15 18 4 12 -1 25 21 -10 14 9 
8 2 6 9 8 6 6 3 18 -11 10 14 7 8 14 -15 18 4 12 -1 25 21 -10 14 9 8 2 6 9 8 6 6 3 18 -11 10 14 7 8 14 -15 18 4 12 -1 25 21 -10 14 9
18 21 -6 -9 81 6 63 3 185 -13 110 24 77 88 94 15 -18 24 32 -17 55 71 -19 34 91 18 24 63 91 -81 63 16 23 18 -61 50 -24 17 18 -14 15 28 14 -12 -15 45 42 -1 -14 99
8 2 6 9 8 6 6 3 18 -11 10 14 7 8 14 -15 18 4 12 -1 25 21 -10 14 9 8 2 6 9 8 6 6 3 18 -11 10 14 7 8 14 -15 18 4 12 -1 25 21 -10 14 9 
8 2 6 9 8 6 6 3 18 -11 10 14 7 8 14 -15 18 4 12 -1 25 21 -10 14 9 8 2 6 9 8 6 6 3 18 -11 10 14 7 8 14 -15 18 4 12 -1 25 21 -10 14 9 
8 2 6 9 8 6 6 3 18 -11 10 14 7 8 14 -15 18 4 12 -1 25 21 -10 14 9 8 2 6 9 8 6 6 3 18 -11 10 14 7 8 14 -15 18 4 12 -1 25 21 -10 14 9 
18 21 -6 -9 81 6 63 3 185 -13 110 24 77 88 94 15 -18 24 32 -17 55 71 -19 34 91 18 24 63 91 -81 63 16 23 18 -61 50 -24 17 18 -14 15 28 14 -12 -15 45 42 -1 -14 99
8 2 6 9 8 6 6 3 18 -11 10 14 7 8 14 -15 18 4 12 -1 25 21 -10 14 9 8 2 6 9 8 6 6 3 18 -11 10 14 7 8 14 -15 18 4 12 -1 25 21 -10 14 9
8 2 6 9 8 6 6 3 18 -11 10 14 7 8 14 -15 18 4 12 -1 25 21 -10 14 9 8 2 6 9 8 6 6 3 18 -11 10 14 7 8 14 -15 18 4 12 -1 25 21 -10 14 9
18 21 -6 -9 81 6 63 3 185 -13 110 24 77 88 94 15 -18 24 32 -17 55 71 -19 34 91 18 24 63 91 -81 63 16 23 18 -61 50 -24 17 18 -14 15 28 14 -12 -15 45 42 -1 -14 99
8 2 6 9 8 6 6 3 18 -11 10 14 7 8 14 -15 18 4 12 -1 25 21 -10 14 9 8 2 6 9 8 6 6 3 18 -11 10 14 7 8 14 -15 18 4 12 -1 25 21 -10 14 9
8 2 6 9 8 6 6 3 18 -11 10 14 7 8 14 -15 18 4 12 -1 25 21 -10 14 9 8 2 6 9 8 6 6 3 18 -11 10 14 7 8 14 -15 18 4 12 -1 25 21 -10 14 9 
8 2 6 9 8 6 6 3 18 -11 10 14 7 8 14 -15 18 4 12 -1 25 21 -10 14 9 8 2 6 9 8 6 6 3 18 -11 10 14 7 8 14 -15 18 4 12 -1 25 21 -10 14 9
18 21 -6 -9 81 6 63 3 185 -13 110 24 77 88 94 15 -18 24 32 -17 55 71 -19 34 91 18 24 63 91 -81 63 16 23 18 -61 50 -24 17 18 -14 15 28 14 -12 -15 45 42 -1 -14 99
8 2 6 9 8 6 6 3 18 -11 10 14 7 8 14 -15 18 4 12 -1 25 21 -10 14 9 8 2 6 9 8 6 6 3 18 -11 10 14 7 8 14 -15 18 4 12 -1 25 21 -10 14 9 
8 2 6 9 8 6 6 3 18 -11 10 14 7 8 14 -15 18 4 12 -1 25 21 -10 14 9 8 2 6 9 8 6 6 3 18 -11 10 14 7 8 14 -15 18 4 12 -1 25 21 -10 14 9
8 2 6 9 8 6 6 3 18 -11 10 14 7 8 14 -15 18 4 12 -1 25 21 -10 14 9 8 2 6 9 8 6 6 3 18 -11 10 14 7 8 14 -15 18 4 12 -1 25 21 -10 14 9 
18 21 -6 -9 81 6 63 3 185 -13 110 24 77 88 94 15 -18 24 32 -17 55 71 -19 34 91 18 24 63 91 -81 63 16 23 18 -61 50 -24 17 18 -14 15 28 14 -12 -15 45 42 -1 -14 99
18 21 -6 -9 81 6 63 3 185 -13 110 24 77 88 94 15 -18 24 32 -17 55 71 -19 34 91 18 24 63 91 -81 63 16 23 18 -61 50 -24 17 18 -14 15 28 14 -12 -15 45 42 -1 -14 99
